1162393768 	 2006-11-1:	 14266 	21.43531107902527
1162480168 	 2006-11-2:	 14183 	21.44499707221985
1162566568 	 2006-11-3:	 13935 	21.24094581604004
1162652968 	 2006-11-4:	 13726 	24.001574754714966
1162739368 	 2006-11-5:	 13485 	21.241179943084717
1162825768 	 2006-11-6:	 13248 	21.463744163513184
1162912168 	 2006-11-7:	 12712 	21.491495370864868
1162998568 	 2006-11-8:	 12406 	21.374603986740112
1163084968 	 2006-11-9:	 12104 	21.38152003288269
1163171368 	 2006-11-10:	 11855 	21.62583613395691
1163257768 	 2006-11-11:	 11358 	21.59411311149597
1163344168 	 2006-11-12:	 12030 	21.08329701423645
1163430568 	 2006-11-13:	 11645 	21.113155126571655
1163516968 	 2006-11-14:	 11319 	21.173110961914062
1163603368 	 2006-11-15:	 10960 	21.269654035568237
1163689768 	 2006-11-16:	 10426 	21.189512968063354
1163776168 	 2006-11-17:	 9933 	21.623354196548462
1163862568 	 2006-11-18:	 9488 	21.519514083862305
1163948968 	 2006-11-19:	 8014 	22.30996608734131
1164035368 	 2006-11-20:	 7498 	21.725139379501343
1164121768 	 2006-11-21:	 7129 	21.456098794937134
1164208168 	 2006-11-22:	 6594 	21.817037105560303
1164294568 	 2006-11-23:	 6735 	22.042664051055908
1164380968 	 2006-11-24:	 6515 	24.526248931884766
1164467368 	 2006-11-25:	 6418 	24.0731520652771
1164553768 	 2006-11-26:	 6219 	22.07974123954773
1164640168 	 2006-11-27:	 6106 	21.506259202957153
1164726568 	 2006-11-28:	 5879 	21.536426067352295
1164812968 	 2006-11-29:	 5758 	21.52252697944641
1164899368 	 2006-11-30:	 5250 	21.737065076828003
1164985768 	 2006-12-1:	 5087 	21.615968942642212
1165072168 	 2006-12-2:	 4976 	21.619703769683838
1165158568 	 2006-12-3:	 4971 	21.503440856933594
1165244968 	 2006-12-4:	 4913 	21.89546799659729
1165331368 	 2006-12-5:	 4747 	21.576039791107178
1165417768 	 2006-12-6:	 4689 	21.587253093719482
1165504168 	 2006-12-7:	 4542 	22.350897073745728
1165590568 	 2006-12-8:	 4569 	22.103132963180542
1165676968 	 2006-12-9:	 4495 	21.890334844589233
1165763368 	 2006-12-10:	 4311 	22.67413306236267
1165849768 	 2006-12-11:	 4170 	22.200858116149902
1165936168 	 2006-12-12:	 3986 	21.427053213119507
1166022568 	 2006-12-13:	 3875 	21.47863793373108
1166108968 	 2006-12-14:	 3687 	21.981271982192993
1166195368 	 2006-12-15:	 3338 	23.533239126205444
1166281768 	 2006-12-16:	 3050 	25.027535676956177
1166368168 	 2006-12-17:	 2805 	25.021165132522583
1166454568 	 2006-12-18:	 2590 	23.665241241455078
1166540968 	 2006-12-19:	 2596 	21.934077262878418
1166627368 	 2006-12-20:	 2439 	27.56412982940674
1166713768 	 2006-12-21:	 2344 	22.747169971466064
1166800168 	 2006-12-22:	 2309 	22.73356795310974
1166886568 	 2006-12-23:	 2393 	22.124044179916382
1166972968 	 2006-12-24:	 2448 	21.792252779006958
1167059368 	 2006-12-25:	 2529 	21.68759298324585
1167145768 	 2006-12-26:	 2660 	22.01750421524048
1167232168 	 2006-12-27:	 2940 	22.663041830062866
1167318568 	 2006-12-28:	 3125 	22.75923991203308
1167404968 	 2006-12-29:	 3204 	22.877568006515503
1167491368 	 2006-12-30:	 3080 	22.909042835235596
1167577768 	 2006-12-31:	 2983 	23.20428967475891
1167664168 	 2007-1-1:	 2889 	23.021020889282227
1167750568 	 2007-1-2:	 3290 	29.000293970108032
1167836968 	 2007-1-3:	 2965 	22.554156064987183
1167923368 	 2007-1-4:	 2783 	21.889936923980713
1168009768 	 2007-1-5:	 2746 	21.686887979507446
1168096168 	 2007-1-6:	 2683 	22.98637080192566
1168182568 	 2007-1-7:	 2625 	25.765607118606567
1168268968 	 2007-1-8:	 2542 	30.027090072631836
1168355368 	 2007-1-9:	 1794 	26.81483793258667
1168441768 	 2007-1-10:	 1826 	22.78262209892273
1168528168 	 2007-1-11:	 1793 	23.111825227737427
1168614568 	 2007-1-12:	 1660 	23.666240692138672
1168700968 	 2007-1-13:	 1772 	23.229524850845337
1168787368 	 2007-1-14:	 1845 	23.402281045913696
1168873768 	 2007-1-15:	 2002 	23.656063079833984
1168960168 	 2007-1-16:	 4018 	22.34079909324646
1169046568 	 2007-1-17:	 4133 	21.859709978103638
1169132968 	 2007-1-18:	 4105 	21.46692705154419
1169219368 	 2007-1-19:	 4186 	21.804749250411987
1169305768 	 2007-1-20:	 4163 	21.678284645080566
1169392168 	 2007-1-21:	 4196 	21.39095711708069
1169478568 	 2007-1-22:	 4117 	21.979053258895874




1162393768 	 2006-11-1:	 14266 	21.43531107902527
1162480168 	 2006-11-2:	 14183 	21.44499707221985
1162566568 	 2006-11-3:	 13935 	21.24094581604004
1162652968 	 2006-11-4:	 13726 	24.001574754714966
1162739368 	 2006-11-5:	 13485 	21.241179943084717
1162825768 	 2006-11-6:	 13248 	21.463744163513184
1162912168 	 2006-11-7:	 12712 	21.491495370864868
1162998568 	 2006-11-8:	 12406 	21.374603986740112
1163084968 	 2006-11-9:	 12104 	21.38152003288269
1163171368 	 2006-11-10:	 11855 	21.62583613395691
1163257768 	 2006-11-11:	 11358 	21.59411311149597
1163344168 	 2006-11-12:	 12030 	21.08329701423645
1163430568 	 2006-11-13:	 11645 	21.113155126571655
1163516968 	 2006-11-14:	 11319 	21.173110961914062
1163603368 	 2006-11-15:	 10960 	21.269654035568237
1163689768 	 2006-11-16:	 10426 	21.189512968063354
1163776168 	 2006-11-17:	 9933 	21.623354196548462
1163862568 	 2006-11-18:	 9488 	21.519514083862305
1163948968 	 2006-11-19:	 8014 	22.30996608734131
1164035368 	 2006-11-20:	 7498 	21.725139379501343
1164121768 	 2006-11-21:	 7129 	21.456098794937134
1164208168 	 2006-11-22:	 6594 	21.817037105560303
1164294568 	 2006-11-23:	 6735 	22.042664051055908
1164380968 	 2006-11-24:	 6515 	24.526248931884766
1164467368 	 2006-11-25:	 6418 	24.0731520652771
1164553768 	 2006-11-26:	 6219 	22.07974123954773
1164640168 	 2006-11-27:	 6106 	21.506259202957153
1164726568 	 2006-11-28:	 5879 	21.536426067352295
1164812968 	 2006-11-29:	 5758 	21.52252697944641
1164899368 	 2006-11-30:	 5250 	21.737065076828003
1164985768 	 2006-12-1:	 5087 	21.615968942642212
1165072168 	 2006-12-2:	 4976 	21.619703769683838
1165158568 	 2006-12-3:	 4971 	21.503440856933594
1165244968 	 2006-12-4:	 4913 	21.89546799659729
1165331368 	 2006-12-5:	 4747 	21.576039791107178
1165417768 	 2006-12-6:	 4689 	21.587253093719482
1165504168 	 2006-12-7:	 4542 	22.350897073745728
1165590568 	 2006-12-8:	 4569 	22.103132963180542
1165676968 	 2006-12-9:	 4495 	21.890334844589233
1165763368 	 2006-12-10:	 4311 	22.67413306236267
1165849768 	 2006-12-11:	 4170 	22.200858116149902
1165936168 	 2006-12-12:	 3986 	21.427053213119507
1166022568 	 2006-12-13:	 3875 	21.47863793373108
1166108968 	 2006-12-14:	 3687 	21.981271982192993
1166195368 	 2006-12-15:	 3338 	23.533239126205444
1166281768 	 2006-12-16:	 3050 	25.027535676956177
1166368168 	 2006-12-17:	 2805 	25.021165132522583
1166454568 	 2006-12-18:	 2590 	23.665241241455078
1166540968 	 2006-12-19:	 2596 	21.934077262878418
1166627368 	 2006-12-20:	 2439 	27.56412982940674
1166713768 	 2006-12-21:	 2344 	22.747169971466064
1166800168 	 2006-12-22:	 2309 	22.73356795310974
1166886568 	 2006-12-23:	 2393 	22.124044179916382
1166972968 	 2006-12-24:	 2448 	21.792252779006958
1167059368 	 2006-12-25:	 2529 	21.68759298324585
1167145768 	 2006-12-26:	 2660 	22.01750421524048
1167232168 	 2006-12-27:	 2940 	22.663041830062866
1167318568 	 2006-12-28:	 3125 	22.75923991203308
1167404968 	 2006-12-29:	 3204 	22.877568006515503
1167491368 	 2006-12-30:	 3080 	22.909042835235596
1167577768 	 2006-12-31:	 2983 	23.20428967475891
1167664168 	 2007-1-1:	 2889 	23.021020889282227
1167750568 	 2007-1-2:	 3290 	29.000293970108032
1167836968 	 2007-1-3:	 2965 	22.554156064987183
1167923368 	 2007-1-4:	 2783 	21.889936923980713
1168009768 	 2007-1-5:	 2746 	21.686887979507446
1168096168 	 2007-1-6:	 2683 	22.98637080192566
1168182568 	 2007-1-7:	 2625 	25.765607118606567
1168268968 	 2007-1-8:	 2542 	30.027090072631836
1168355368 	 2007-1-9:	 1794 	26.81483793258667
1168441768 	 2007-1-10:	 1826 	22.78262209892273
1168528168 	 2007-1-11:	 1793 	23.111825227737427
1168614568 	 2007-1-12:	 1660 	23.666240692138672
1168700968 	 2007-1-13:	 1772 	23.229524850845337
1168787368 	 2007-1-14:	 1845 	23.402281045913696
1168873768 	 2007-1-15:	 2002 	23.656063079833984
1168960168 	 2007-1-16:	 4018 	22.34079909324646
1169046568 	 2007-1-17:	 4133 	21.859709978103638
1169132968 	 2007-1-18:	 4105 	21.46692705154419
1169219368 	 2007-1-19:	 4186 	21.804749250411987
1169305768 	 2007-1-20:	 4163 	21.678284645080566
1169392168 	 2007-1-21:	 4196 	21.39095711708069
1169478568 	 2007-1-22:	 4117 	21.979053258895874
1169564968 	 2007-1-23:	 2236 	22.14389133453369
1169651368 	 2007-1-24:	 2101 	22.123171091079712
1169737768 	 2007-1-25:	 2169 	21.850738048553467
1169824168 	 2007-1-26:	 2458 	21.788299083709717
1169910568 	 2007-1-27:	 2541 	21.700649976730347
1169996968 	 2007-1-28:	 2482 	22.329766273498535
1170083368 	 2007-1-29:	 2471 	29.563421964645386
1170169768 	 2007-1-30:	 2530 	22.41239285469055
1170256168 	 2007-1-31:	 2599 	21.50657081604004
1170342568 	 2007-2-1:	 2480 	21.78530716896057
1170428968 	 2007-2-2:	 2104 	21.64832592010498
1170515368 	 2007-2-3:	 1932 	37.86125707626343
1170601768 	 2007-2-4:	 1841 	24.584716081619263
1170688168 	 2007-2-5:	 1810 	29.015628814697266
1170774568 	 2007-2-6:	 1680 	27.702713012695312
1170860968 	 2007-2-7:	 1586 	30.774513006210327
1170947368 	 2007-2-8:	 1775 	27.41529607772827
1171033768 	 2007-2-9:	 1924 	30.031628131866455
1171120168 	 2007-2-10:	 1910 	26.938124895095825
1171206568 	 2007-2-11:	 2013 	28.96219801902771
1171292968 	 2007-2-12:	 1955 	27.1636860370636
1171379368 	 2007-2-13:	 1881 	26.810700178146362
1171465768 	 2007-2-14:	 1768 	23.545166015625
1171552168 	 2007-2-15:	 2621 	29.731329917907715
1171638568 	 2007-2-16:	 2424 	27.082384824752808
1171724968 	 2007-2-17:	 3566 	25.660515069961548
1171811368 	 2007-2-18:	 5714 	27.227511882781982
1171897768 	 2007-2-19:	 6136 	23.937535047531128
1171984168 	 2007-2-20:	 6133 	24.803818702697754
1172070568 	 2007-2-21:	 6206 	21.5745050907135
1172156968 	 2007-2-22:	 5164 	21.567246913909912
1172243368 	 2007-2-23:	 5229 	21.593944787979126
1172329768 	 2007-2-24:	 4089 	21.6716730594635
1172416168 	 2007-2-25:	 1804 	21.701247930526733
1172502568 	 2007-2-26:	 1353 	21.879143953323364
1172588968 	 2007-2-27:	 1432 	21.82077693939209
1172675368 	 2007-2-28:	 1463 	21.877061128616333
1172761768 	 2007-3-1:	 3031 	21.341630935668945
1172848168 	 2007-3-2:	 3096 	21.56452202796936
1172934568 	 2007-3-3:	 3146 	21.635135173797607
1173020968 	 2007-3-4:	 3266 	21.750279903411865
1173107368 	 2007-3-5:	 3430 	21.620949029922485
1173193768 	 2007-3-6:	 3471 	21.236530780792236
1173280168 	 2007-3-7:	 3558 	21.430509090423584
1173366568 	 2007-3-8:	 2102 	21.814494848251343
1173452968 	 2007-3-9:	 2169 	21.851041078567505
1173539368 	 2007-3-10:	 2307 	21.817919969558716
1173625768 	 2007-3-11:	 2444 	21.92569899559021
1173712168 	 2007-3-12:	 2429 	21.72351098060608
1173798568 	 2007-3-13:	 2351 	22.234069347381592
1173884968 	 2007-3-14:	 2129 	21.82087516784668
1173971368 	 2007-3-15:	 1957 	21.764929056167603
1174057768 	 2007-3-16:	 1726 	21.7218120098114
1174144168 	 2007-3-17:	 1563 	21.794177055358887
1174230568 	 2007-3-18:	 1405 	21.73651099205017
1174316968 	 2007-3-19:	 1305 	21.914173126220703
1174403368 	 2007-3-20:	 1261 	21.846579790115356
1174489768 	 2007-3-21:	 1253 	21.832720041275024
1174576168 	 2007-3-22:	 1257 	21.584319829940796
1174662568 	 2007-3-23:	 1386 	21.799943923950195
1174748968 	 2007-3-24:	 1564 	21.828816175460815
1174835368 	 2007-3-25:	 1737 	21.73956608772278
1174921768 	 2007-3-26:	 1754 	21.796760082244873
1175008168 	 2007-3-27:	 1733 	21.783432960510254
1175094568 	 2007-3-28:	 1879 	21.81992197036743
1175180968 	 2007-3-29:	 2037 	21.787536144256592
1175267368 	 2007-3-30:	 2091 	21.694260835647583
1175353768 	 2007-3-31:	 2015 	21.733903884887695
1175440168 	 2007-4-1:	 1930 	21.78479790687561
1175526568 	 2007-4-2:	 2009 	21.684298038482666
1175612968 	 2007-4-3:	 2235 	21.828373193740845
1175699368 	 2007-4-4:	 2339 	21.823962926864624
1175785768 	 2007-4-5:	 2298 	21.859153985977173
1175872168 	 2007-4-6:	 2264 	21.684128046035767
1175958568 	 2007-4-7:	 2257 	21.715914011001587
1176044968 	 2007-4-8:	 2222 	21.862756967544556
1176131368 	 2007-4-9:	 2236 	21.75719690322876
1176217768 	 2007-4-10:	 2114 	21.750835180282593
1176304168 	 2007-4-11:	 2039 	21.744774103164673
1176390568 	 2007-4-12:	 2168 	21.61718726158142
1176476968 	 2007-4-13:	 2283 	21.54445195198059
1176563368 	 2007-4-14:	 2356 	21.516788959503174
1176649768 	 2007-4-15:	 2416 	21.55319309234619
1176736168 	 2007-4-16:	 2412 	21.64368510246277
1176822568 	 2007-4-17:	 2481 	21.386560916900635
1176908968 	 2007-4-18:	 2524 	21.4738187789917
1176995368 	 2007-4-19:	 2467 	21.51763916015625
1177081768 	 2007-4-20:	 2420 	21.45581293106079
1177168168 	 2007-4-21:	 3743 	21.146260976791382
1177254568 	 2007-4-22:	 5816 	20.833024978637695
1177340968 	 2007-4-23:	 7262 	20.93307900428772
1177427368 	 2007-4-24:	 7474 	20.99329900741577
1177513768 	 2007-4-25:	 7461 	21.12801718711853
1177600168 	 2007-4-26:	 7462 	21.016306161880493
1177686568 	 2007-4-27:	 7468 	21.13860511779785
1177772968 	 2007-4-28:	 5968 	21.2812659740448
1177859368 	 2007-4-29:	 3805 	21.4239239692688
1177945768 	 2007-4-30:	 2275 	21.604207038879395
1178032168 	 2007-5-1:	 2002 	21.573774099349976
1178118568 	 2007-5-2:	 1931 	21.50522494316101
1178204968 	 2007-5-3:	 3384 	21.36962103843689
1178291368 	 2007-5-4:	 5499 	20.989497900009155
1178377768 	 2007-5-5:	 7751 	20.819342136383057
1178464168 	 2007-5-6:	 9914 	20.54066514968872
1178550568 	 2007-5-7:	 12084 	20.417900800704956
1178636968 	 2007-5-8:	 14264 	20.17629885673523
1178723368 	 2007-5-9:	 16467 	19.990583181381226
1178809768 	 2007-5-10:	 17136 	19.980245113372803



compute_time: 63.97853899002075